1   1   1   1000
3   2   7   900
4   3   12  800
2   1   9   550
1   2   3   360
3   3   2   700
2   1   12  630
1   1   6   250
4   3   10  110
3   2   8   90
3   1   5   660
1   1   9   490
2   3   2   320
2   2   7   400
1   2   3   770
3   3   3   1200
1   2   3   600
4   3   11  740
2   2   4   100
3   3   1   90
1   3   10  800
1   3   10  450
3   1   8   860
4   2   3   650
3   3   4   700
2   3   9   150
3   1   9   100
4   3   12  890
3   3   2   500
1   2   3   290
4   3   12  120
3   2   11  600
1   2   2   1500
4   1   10  500
3   2   4   100
1   3   9   600
4   1   8   100
